Ground 0 1000 21000 500 11
Block 2200 900 100 100 2
Spikestrip 2300 920 1000 80 8
Block 2600 700 100 100 2
Block 3000 500 100 100 2
Block 3400 300 100 100 2
Block 3700 500 100 100 2
Block 3800 500 100 100 2
Block 3800 100 100 100 2
Spike 3800 0 100 100 0 7 
Block 3900 500 100 100 2
Block 4000 500 100 100 2
Block 4100 500 100 100 2
Block 4200 500 100 100 2
Block 4300 500 100 100 2
Block 4400 500 100 100 2
Spike 4500 900 100 100 0 7
Spike 4600 900 100 100 0 7
Spike 4700 900 100 100 0 7
Spike 4800 900 100 100 0 7
Spike 4900 900 100 100 0 7
Spike 5400 900 100 100 0 7
Spike 5500 900 100 100 0 7
Block 6000 900 100 100 2
Block 6100 900 100 100 2
Spike 6200 900 100 100 0 7
Spike 6300 900 100 100 0 7
Spike 6400 900 100 100 0 7
Spike 6500 900 100 100 0 7
Block 6600 900 100 100 2
Block 6700 900 100 100 2
Spikestrip 6900 920 2000 80 8
Block 6900 700 100 100 2
Block 6900 300 100 100 2
Spike 6900 400 100 100 2 9
Block 7200 500 100 100 2
Block 7200 100 100 100 2
Spike 7200 200 100 100 2 9
Block 7500 300 100 100 2
Block 7500 -100 100 100 2
Spike 7500 0 100 100 2 9
Block 7800 100 100 100 2
Block 7800 -300 100 100 2
Spike 7800 -200 100 100 2 9
Block 8100 300 100 100 2
Block 8100 -100 100 100 2
Spike 8100 0 100 100 2 9
Block 8400 500 100 100 2
Block 8400 100 100 100 2
Spike 8400 200 100 100 2 9
Block 8700 700 100 100 2
Block 8700 300 100 100 2
Spike 8700 400 100 100 2 9
Bounce 9100 990 100 10 1
Spikestrip 9250 920 800 80 8
Block 9700 500 100 100 2
Block 9800 500 100 100 2
Block 9900 500 100 100 2
Block 10000 500 100 100 2
Spike 10100 900 100 100 0 7
Spike 10200 900 100 100 0 7
Spike 10300 900 100 100 0 7
Dot 10400 280 100 100 3
Spike 10400 900 100 100 0 7
Spike 10500 900 100 100 0 7
Spike 10600 900 100 100 0 7
Spike 10700 900 100 100 0 7
Block 10800 500 100 100 2
Block 10900 500 100 100 2
Block 11000 500 100 100 2
Block 11100 500 100 100 2
Block 11200 100 100 100 2
Spike 11200 200 100 100 2 9
Block 11300 100 100 100 2
Spike 11300 200 100 100 2 9
Spikestrip 11500 920 1000 80 8
Block 11500 800 100 100 2
Block 11900 800 100 100 2
Block 12300 800 100 100 2
Bounce 12700 990 100 10 1
Block 13000 900 100 100 2
Block 13000 800 100 100 2
Block 13000 700 100 100 2
Block 13000 600 100 100 2
Block 13000 500 100 100 2
Block 14000 900 100 100 2
Block 14100 900 100 100 2
Spike 14200 900 100 100 2 7
Spike 14300 900 100 100 2 7
Spike 14400 900 100 100 2 7
Block 14400 700 100 100 2
Spike 14500 900 100 100 2 7
Spike 14600 900 100 100 2 7
Block 14700 500 100 100 2
Block 14700 900 100 100 2
Block 14800 500 100 100 2
Spike 14800 400 100 100 2 7
Block 14800 900 100 100 2
Spikestrip 14900 920 1800 80 8
Block 15200 700 100 100 2
Block 15600 500 100 100 2
Block 16000 300 100 100 2
Bounce 16000 290 100 10 1
Block 16000 700 100 100 2
Block 16400 700 100 100 2
Block 16700 900 100 100 2
Block 16800 900 100 100 2
Spikestrip 16900 920 2000 80 8
Block 17200 700 100 100 2
Dot 17650 700 100 100 3
Block 18000 700 100 100 2
Block 18600 700 100 100 2
Block 18900 900 100 100 2
Block 18900 500 100 100 2
Spike 19000 400 100 100 2 7
Block 19000 500 100 100 2
Block 19000 900 100 100 2
GameEnd 20000 700 150 300 10