Ground 0 1000 11000 500 11
Spike 2000 900 100 100 0 7
Spike 2100 900 100 100 0 7
Block 2200 900 100 100 2
Spikestrip 2400 900 600 100 8
Block 2600 700 100 100 2
Block 3500 500 100 100 2
Block 3600 500 100 100 2
Block 3700 500 100 100 2
Spike 3700 900 100 100 0 7
Block 3800 500 100 100 2
Spike 3800 900 100 100 0 7
Block 3900 500 100 100 2
Spike 3900 900 100 100 0 7
Block 4000 500 100 100 2
Block 4100 500 100 100 2
Block 4200 500 100 100 2
Dot 4200 800 100 100 3
Block 4300 500 100 100 2
Block 4400 500 100 100 2
Block 4500 500 100 100 2
Spike 4500 900 100 100 0 7
Block 4600 500 100 100 2
Spike 4600 900 100 100 0 7
Block 4700 500 100 100 2
Block 5600 900 100 100 2
Spike 5700 900 100 100 0 7
Spike 5800 900 100 100 0 7
Dot 5900 600 100 100 3
Spike 5900 900 100 100 0 7
Block 6250 600 100 100 2
Spike 6200 900 100 100 0 7
Spike 6300 900 100 100 0 7
Spike 6400 900 100 100 0 7
Bounce 7200 990 100 10 1
Spikestrip 7600 900 600 100 8
Block 7900 600 100 100 2
Block 8000 600 100 100 2
Block 9000 300 100 100 2
Spike 9000 400 100 100 2 9
Bounce 9100 990 100 10 1
Block 9100 300 100 100 2
Spike 9100 400 100 100 2 9
Block 9200 300 100 100 2
Spike 9200 400 100 100 2 9
GameEnd 10000 700 150 300 10