Ground 0 1000 32000 500 11
Block 2500 575 100 100 2
Block 2600 900 100 100 2
Block 3000 575 100 100 2
Block 3100 900 100 100 2
Bounce 3800 990 100 10 1
Spike 3900 900 100 100 0 7
Spike 4000 900 100 100 0 7
Spike 4100 900 100 100 0 7
Spike 4200 900 100 100 0 7
Block 4500 500 100 100 2
Block 4600 500 100 100 2
Block 4700 500 100 100 2
Block 4800 500 100 100 2
Spike 4800 400 100 100 0 7
Block 5100 400 100 100 2
Block 5200 400 100 100 2
Block 5300 400 100 100 2
Spike 5300 300 100 100 0 7
Block 5600 300 100 100 2
Block 5700 300 100 100 2
Spike 5700 200 100 100 0 7
Dot 5925 200 100 100 3
Block 6100 700 100 100 2
Block 6200 300 100 100 2
Spike 6200 200 100 100 0 7
Bounce 6200 690 100 10 1
Block 6200 700 100 100 2
Block 6300 700 100 100 2
Spike 6300 600 100 100 0 7
Block 6400 700 100 100 2
Block 6500 700 100 100 2
Block 6600 700 100 100 2
Block 6700 700 100 100 2
Spike 6700 600 100 100 0 7
Spike 7400 900 100 100 0 7
Spike 7500 900 100 100 0 7
Block 7900 500 100 100 2
Block 8000 500 100 100 2
Block 8100 500 100 100 2
Block 8200 500 100 100 2
Bounce 8200 990 100 10 1
Block 8300 500 100 100 2
Block 8400 500 100 100 2
Block 8500 500 100 100 2
Bounce 8500 990 100 10 1
Block 8600 500 100 100 2
Block 8700 500 100 100 2
Block 8800 500 100 100 2
Block 8900 500 100 100 2
Block 9000 500 100 100 2
Block 9600 575 100 100 2
Block 9700 900 100 100 2
Block 9800 900 100 100 2
Block 9900 900 100 100 2
Block 10000 900 100 100 2
Block 10100 900 100 100 2
Block 10200 900 100 100 2
Spikestrip 10300 920 4000 80 8
Block 10500 700 100 100 2
Block 10500 300 100 100 2
Spike 10500 400 100 100 2 9
Block 10800 500 100 100 2
Block 10800 100 100 100 2
Spike 10800 200 100 100 2 9
Block 11100 300 100 100 2
Block 11100 -100 100 100 2
Spike 11100 0 100 100 2 9
Block 11500 100 100 100 2
Block 11500 -300 100 100 2
Spike 11500 -200 100 100 2 9
Block 11700 100 100 100 2
Block 11800 100 100 100 2
Spike 11800 0 100 100 2 7
Block 11900 100 100 100 2
Block 12000 100 100 100 2
Block 12100 100 100 100 2
Block 12200 100 100 100 2
Block 12300 100 100 100 2
Block 12300 -300 100 100 2
Spike 12300 -200 100 100 2 9
Block 12600 300 100 100 2
Block 12700 300 100 100 2
Block 12700 -100 100 100 2
Spike 12700 0 100 100 2 9
Block 13000 100 100 100 2
Block 13000 -300 100 100 2
Spike 13000 -200 100 100 2 9
Block 13000 500 100 100 2
Spike 13000 400 100 100 2 7
Block 13000 100 100 100 2
Spike 13000 200 100 100 2 9
Block 13300 300 100 100 2
Block 13300 -100 100 100 2
Spike 13300 0 100 100 2 9
Block 13600 100 100 100 2
Block 13600 -300 100 100 2
Spike 13600 -200 100 100 2 9
Spike 13600 0 100 100 2 7
Block 13600 500 100 100 2
Block 13600 100 100 100 2
Spike 13600 200 100 100 2 9
Block 13900 700 100 100 2
Block 13900 300 100 100 2
Spike 13900 400 100 100 2 9
Block 14200 900 100 100 2
Block 14200 500 100 100 2
Spike 14200 600 100 100 2 9
Spike 14800 900 100 100 2 7
Spike 14900 900 100 100 2 7
Spike 15300 900 100 100 2 7
Block 15800 900 100 100 2
Block 16100 700 100 100 2
Spike 16100 600 100 100 0 7
Spike 16400 900 100 100 0 7
Spike 16500 900 100 100 0 7
Spike 16600 900 100 100 0 7
Dot 16600 700 100 100 3
Spike 16700 900 100 100 0 7
Spike 16800 900 100 100 0 7
Spike 16900 900 100 100 0 7
Spike 17400 900 100 100 0 7
Spike 17500 900 100 100 0 7
Dot 17600 700 100 100 3
Spike 17600 900 100 100 0 7
Spike 17700 900 100 100 0 7
Spike 17800 900 100 100 0 7
Dot 18400 700 100 100 3
Dot 18600 500 100 100 3
Block 18800 500 100 100 2
Block 18900 500 100 100 2
Block 19000 500 100 100 2
Block 19100 500 100 100 2
Block 19200 500 100 100 2
Spike 19200 900 100 100 0 7
Spike 19300 900 100 100 0 7
Spike 19400 900 100 100 0 7
Spike 19500 900 100 100 0 7
Spikestrip 19600 920 1800 80 8
Block 19700 500 100 100 2
Block 20200 500 100 100 2
Block 20700 500 100 100 2
Block 21200 500 100 100 2
Block 21650 500 100 100 2
Spike 21650 400 100 100 0 7
Block 22100 900 100 100 2
Block 22200 900 100 100 2
Spikestrip 22300 920 1500 80 8
Dot 22600 575 100 100 3
Block 23000 700 100 100 2
Block 23100 700 100 100 2
Block 23200 700 100 100 2
Block 23700 700 100 100 2
Block 24150 700 100 100 2
Block 24150 300 100 100 2
Spike 24150 400 100 100 0 9
Bounce 24800 990 100 10 1
Spikestrip 24900 920 5600 80 8
Block 25400 500 100 100 2
Block 25500 500 100 100 2
Block 25500 500 100 100 2
Block 25500 100 100 100 2
Spike 25500 200 100 100 2 9
Block 25900 300 100 100 2
Block 25800 -100 100 100 2
Spike 25800 0 100 100 2 9
Block 25800 700 100 100 2
Block 25800 300 100 100 2
Spike 25800 400 100 100 2 9
Spike 25800 600 100 100 0 7
Block 26300 100 100 100 2
Block 26200 -300 100 100 2
Spike 26200 -200 100 100 2 9
Block 26200 500 100 100 2
Block 26200 100 100 100 2
Spike 26200 200 100 100 2 9
Spike 26200 400 100 100 0 7
Block 26700 300 100 100 2
Spike 26600 -200 100 100 0 7
Block 26600 -500 100 100 2
Spike 26600 -400 100 100 2 9
Block 26600 300 100 100 2
Block 26600 -100 100 100 2
Spike 26600 0 100 100 2 9
Block 27100 500 100 100 2
Block 27000 -300 100 100 2
Spike 27000 -200 100 100 2 9
Spike 27000 0 100 100 0 7
Block 27000 500 100 100 2
Block 27000 100 100 100 2
Spike 27000 200 100 100 2 9
Block 27500 300 100 100 2
Block 27400 -100 100 100 2
Spike 27400 0 100 100 2 9
Block 27400 700 100 100 2
Block 27400 300 100 100 2
Spike 27400 400 100 100 2 9
Spike 27400 600 100 100 0 7
Block 27900 100 100 100 2
Block 27800 -300 100 100 2
Spike 27800 -200 100 100 2 9
Block 27800 500 100 100 2
Block 27800 100 100 100 2
Spike 27800 200 100 100 2 9
Spike 27800 400 100 100 0 7
Block 28300 300 100 100 2
Spike 28200 -200 100 100 0 7
Block 28200 -500 100 100 2
Spike 28200 -400 100 100 2 9
Block 28200 300 100 100 2
Block 28200 -100 100 100 2
Spike 28200 0 100 100 2 9
Block 28700 100 100 100 2
Block 28600 -300 100 100 2
Spike 28600 -200 100 100 2 7
Spike 28600 400 100 100 0 7
Block 28600 500 100 100 2
Block 28600 100 100 100 2
Spike 28600 200 100 100 2 9
Block 29100 300 100 100 2
Spike 29000 -200 100 100 0 7
Block 29000 -500 100 100 2
Spike 29000 -400 100 100 2 9
Block 29000 300 100 100 2
Block 29000 -100 100 100 2
Spike 29000 0 100 100 2 9
Block 29500 100 100 100 2
Block 29400 -300 100 100 2
Spike 29400 -200 100 100 2 9
Spike 29400 400 100 100 0 7
Block 29400 500 100 100 2
Block 29400 100 100 100 2
Spike 29400 200 100 100 2 9
Block 29900 300 100 100 2
Spike 29800 -200 100 100 0 7
Block 29800 -500 100 100 2
Spike 29800 -400 100 100 2 9
Block 29800 300 100 100 2
Block 29800 -100 100 100 2
Spike 29800 0 100 100 2 9
Block 30300 500 100 100 2
Block 30200 -300 100 100 2
Spike 30200 -200 100 100 2 9
Spike 30200 0 100 100 0 7
Block 30200 500 100 100 2
Block 30200 100 100 100 2
Spike 30200 200 100 100 2 9
Block 30700 700 100 100 2
Block 30600 -100 100 100 2
Spike 30600 0 100 100 2 9
Block 30600 700 100 100 2
Block 30600 300 100 100 2
Spike 30600 400 100 100 2 9
Spike 30600 200 100 100 0 7
GameEnd 31750 700 150 300 10